# list of object assets to load in this scene
[ASSETS]
#---------------MARIO---------------
Source/Assets/mario.txt
#---------------BLOCK---------------
Source/Assets/Block/brick.txt
Source/Assets/Block/qblock.txt
Source/Assets/Block/pipe.txt
#---------------ITEMS---------------
Source/Assets/Items/coin.txt
Source/Assets/Items/powerup.txt
#---------------ENEMIES-------------
Source/Assets/Enemies/goomba.txt
Source/Assets/Enemies/koopa.txt
Source/Assets/Enemies/piranha.txt
#---------------PLATFORM------------
Source/Assets/background.txt
Source/Assets/Platform/ground.txt
Source/Assets/Platform/cloud.txt
Source/Assets/Platform/box.txt
#---------------END-----------------
[OBJECTS]
# type	x	y	extra_settings per object type
# type: 0 = Mario , 1 = Brick, 2 = Goomba, 3 = Koopas, 4 = Coin, 5 = Platform, 6 = Background
# See OBJECT_TYPE constants in AssetIDs.h


# Background
# extra: cell_width	length	sprite_id_background

## BUSH
6	78	155	0	1	72000

6	168	179	16	3	71000

6	697	163	16	6	71000

6	896	138	0	1	73000

6	994	148	0	1	74000

6	1064	163	16	2	71000

6	1208	179	16	3	71000

6	1752	179	16	3	71000

6	1952	163	16	1	74000

6	2448	122	16	1	75000

## CLOUD WITH EYES
6	145	65	0	1	55000

6	345	50	0	1	54000

6	680	50	0	1	54000

6	788	88	0	1	56000

6	1200	50	0	1	54000

6	1704	50	0	1	56000

6	2376	82	0	1	54000

##BOXS

# WHITE BOX
5	536	82	16	16	4	89300	89310	89320
5	536	98	16	16	4	89400	89410	89420
5	536	114	16	16	4	89400	89410	89420
5	536	130	16	16	4	89400	89410	89420
5	536	146	16	16	4	89400	89410	89420
5	536	162	16	16	4	89400	89410	89420
5	536	178	16	16	4	89500	89510	89520

6	596	86	0	1	80100
6	596	98	16	6	80200	2

# BLUE BOX
5	280	114	16	16	3	84000	84100	84200
5	280	130	16	16	3	85000	85100	85200
5	280	146	16	16	3	85000	85100	85200
5	280	162	16	16	3	85000	85100	85200
5	280	178	16	16	3	86000	86100	86200


6	324	118	0	1	80100
6	324	130	16	4	80200	2


5	1352	98	16	16	7	84000	84100	84200
5	1352	114	16	16	7	85000	85100	85200
5	1352	130	16	16	7	85000	85100	85200
5	1352	146	16	16	7	85000	85100	85200
5	1352	162	16	16	7	85000	85100	85200
5	1352	178	16	16	7	86000	86100	86200

6	1460	102	0	1	80100
6	1460	114	16	5	80200	2

# PINK BOX
5	248	146	16	16	3	81000	81100	81200
5	248	162	16	16	3	82000	82100	82200
5	248	178	16	16	3	83000	83100	83200

6	292	150	0	1	80100
6	292	162	16	2	80200	2


5	488	114	16	16	4	81000	81100	81200
5	488	130	16	16	4	82000	82100	82200
5	488	146	16	16	4	82000	82100	82200
5	488	162	16	16	4	82000	82100	82200
5	488	178	16	16	4	83000	83100	83200

6	548	118	0	1	80100
6	548	130	16	4	80200	2


5	1320	130	16	16	7	81000	81100	81200
5	1320	146	16	16	7	82000	82100	82200
5	1320	162	16	16	7	82000	82100	82200
5	1320	178	16	16	7	83000	83100	83200

6	1428	134	0	1	80100
6	1428	146	16	3	80200	2


# GREEN BOX
5	2216	50	16	16	3	87000	87100	87200
5	2216	66	16	16	3	88000	88100	88200
5	2216	82	16	16	3	88000	88100	88200
5	2216	98	16	16	3	88000	88100	88200
5	2216	114	16	16	3	88000	88100	88200
5	2216	130	16	16	3	88000	88100	88200
5	2216	146	16	16	3	88000	88100	88200
5	2216	162	16	16	3	88000	88100	88200
5	2216	178	16	16	3	89000	89100	89200


6	2260	54	0	1	80100
6	2260	66	16	8	80200	2


5	2184	146	16	16	3	81000	81100	81200
5	2184	162	16	16	3	82000	82100	82200
5	2184	178	16	16	3	83000	83100	83200

6	2228	150	0	1	80100
6	2228	162	16	2	80200	2


# GREEN BOX
5	408	146	16	16	6	87000	87100	87200
5	408	162	16	16	6	88000	88100	88200
5	408	178	16	16	6	89000	89100	89200

6	500	150	0	1	80100
6	500	162	16	2	80200	2


5	536	163	16	16	6	87000	87100	87200
5	536	179	16	16	6	89000	89100	89200

6	628	167	0	1	80100
6	628	179	16	1	80200	2


5	1288	162	16	16	7	87000	87100	87200
5	1288	178	16	16	7	89000	89100	89200

6	1396	166	0	1	80100
6	1396	178	16	1	80200	2


# Pipe X	y	TYPE(1 - NORMAL | 2 - PIRANHA)	LENGTH	ISHAVEHOLE
9	368	146	2	2	1

9	1824	162	1	2	1

9	1888	146	1	3	1

9	2304	162	1	2	0

9	2304	-94	1	11	0

9	2368	162	1	2	1


# WOOD BLOCK

5	1528	114	16	16	2	21000	21000	21000

5	1591	178	16	16	3	21000	21000	21000
5	1607	162	16	16	2	21000	21000	21000
5	1623	146	16	16	1	21000	21000	21000

5	1688	178	16	16	3	21000	21000	21000
5	1688	162	16	16	2	21000	21000	21000
5	1688	146	16	16	1	21000	21000	21000

5	1528	114	16	16	2	21000	21000	21000

5	2297	146	16	16	2	21000	21000	21000

5	2297	98	16	16	2	21000	21000	21000

##GROUNDS
5	8	194	16	16	40	61000	62000	63000

5	648	178	16	16	29	61000	62000	63000
5	648	195	16	16	29	64000	65000	66000

5	1176	194	16	16	22	61000	62000	63000

5	1560	194	16	16	5	61000	62000	63000

5	1688	194	16	16	37	61000	62000	63000

5	2296	194	16	16	40	61000	62000	63000

##BRICKS
1	1992	178
1	2008	178
1	2024	178
1	2040	178
1	2056	178
1	2072	178
1	2088	178

1	2008	162
1	2024	162
1	2040	162
1	2056	162
1	2072	162

1	2024	146
1	2040	146
1	2056	146
1	2072	146

1	2136	178
1	2136	162
1	2152	178

#Goomba
#TYPE	X	Y	GOOMBA_TYPE ; GOOMBA_TYPE[1: NORMAL,2:	RED_WING]

2	120	175	1

2	500	175	1

2	900	145	1

2	1000	145	1

2	1100	145	2

#Koopa
3	580	141

3	2136	130

# MARIO
#0	40	171
#0	520	160
#0	730	160
#0	1200	171
#0	1800	171
0	2200	171

# QUESTIONS BLOCK

7	184	130	1
7	200	130	1

7	232	82	1
7	248	82	2

7	424	98	1

7	680	163	2

7	728	131	1

7	1496	146	2


# POWERUP



#COIN


#Platform
#type	x	y	width	height	length	id_begin	id_middle	id_end	draw_direction
##CLOUDS






#Portal 

